64 3
0        0        0
0        0        0.333333
0        0        0.666667
0        0        1
0        0.333333 0
0        0.333333 0.333333
0        0.333333 0.666667
0        0.333333 1
0        0.666667 0
0        0.666667 0.333333
0        0.666667 0.666667
0        0.666667 1
0        1        0
0        1        0.333333
0        1        0.666667
0        1        1
0.333333 0        0
0.333333 0        0.333333
0.333333 0        0.666667
0.333333 0        1
0.333333 0.333333 0
0.333333 0.333333 0.333333
0.333333 0.333333 0.666667
0.333333 0.333333 1
0.333333 0.666667 0
0.333333 0.666667 0.333333
0.333333 0.666667 0.666667
0.333333 0.666667 1
0.333333 1        0
0.333333 1        0.333333
0.333333 1        0.666667
0.333333 1        1
0.666667 0        0
0.666667 0        0.333333
0.666667 0        0.666667
0.666667 0        1
0.666667 0.333333 0
0.666667 0.333333 0.333333
0.666667 0.333333 0.666667
0.666667 0.333333 1
0.666667 0.666667 0
0.666667 0.666667 0.333333
0.666667 0.666667 0.666667
0.666667 0.666667 1
0.666667 1        0
0.666667 1        0.333333
0.666667 1        0.666667
0.666667 1        1
1        0        0
1        0        0.333333
1        0        0.666667
1        0        1
1        0.333333 0
1        0.333333 0.333333
1        0.333333 0.666667
1        0.333333 1
1        0.666667 0
1        0.666667 0.333333
1        0.666667 0.666667
1        0.666667 1
1        1        0
1        1        0.333333
1        1        0.666667
1        1        1
64 3
0        0        0
0        0        0.333333
0        0        0.666667
0        0        1
0        0.333333 0
0        0.333333 0.333333
0        0.333333 0.666667
0        0.333333 1
0        0.666667 0
0        0.666667 0.333333
0        0.666667 0.666667
0        0.666667 1
0        1        0
0        1        0.333333
0        1        0.666667
0        1        1
0.333333 0        0
0.333333 0        0.333333
0.333333 0        0.666667
0.333333 0        1
0.333333 0.333333 0
0.666667 0.666667 0.666667
0.666667 0.666667 0.333333
0.333333 0.333333 1
0.333333 0.666667 0
0.666667 0.333333 0.666667
0.666667 0.333333 0.333333
0.333333 0.666667 1
0.333333 1        0
0.333333 1        0.333333
0.333333 1        0.666667
0.333333 1        1
0.666667 0        0
0.666667 0        0.333333
0.666667 0        0.666667
0.666667 0        1
0.666667 0.333333 0
0.333333 0.666667 0.666667
0.333333 0.666667 0.333333
0.666667 0.333333 1
0.666667 0.666667 0
0.333333 0.333333 0.666667
0.333333 0.333333 0.333333
0.666667 0.666667 1
0.666667 1        0
0.666667 1        0.333333
0.666667 1        0.666667
0.666667 1        1
1        0        0
1        0        0.333333
1        0        0.666667
1        0        1
1        0.333333 0
1        0.333333 0.333333
1        0.333333 0.666667
1        0.333333 1
1        0.666667 0
1        0.666667 0.333333
1        0.666667 0.666667
1        0.666667 1
1        1        0
1        1        0.333333
1        1        0.666667
1        1        1
162 4
21 16 20 0
17 16 21 0
21 1  17 0
21 20 4  0
5  21 4  0
21 5  1  0
22 17 21 1
18 17 22 1
22 2  18 1
22 21 5  1
6  22 5  1
22 6  2  1
23 18 22 2
19 18 23 2
23 3  19 2
23 22 6  2
7  23 6  2
23 7  3  2
25 20 24 4
21 20 25 4
25 5  21 4
25 24 8  4
9  25 8  4
25 9  5  4
26 21 25 5
22 21 26 5
26 6  22 5
26 25 9  5
10 26 9  5
26 10 6  5
27 22 26 6
23 22 27 6
27 7  23 6
27 26 10 6
11 27 10 6
27 11 7  6
29 24 28 8
25 24 29 8
29 9  25 8
29 28 12 8
13 29 12 8
29 13 9  8
30 25 29 9
26 25 30 9
30 10 26 9
30 29 13 9
14 30 13 9
30 14 10 9
31 26 30 10
27 26 31 10
31 11 27 10
31 30 14 10
15 31 14 10
31 15 11 10
37 32 36 16
33 32 37 16
37 17 33 16
37 36 20 16
21 37 20 16
37 21 17 16
38 33 37 17
34 33 38 17
38 18 34 17
38 37 21 17
22 38 21 17
38 22 18 17
39 34 38 18
35 34 39 18
39 19 35 18
39 38 22 18
23 39 22 18
39 23 19 18
41 36 40 20
37 36 41 20
41 21 37 20
41 40 24 20
25 41 24 20
41 25 21 20
42 37 41 21
38 37 42 21
42 22 38 21
42 41 25 21
26 42 25 21
42 26 22 21
43 38 42 22
39 38 43 22
43 23 39 22
43 42 26 22
27 43 26 22
43 27 23 22
45 40 44 24
41 40 45 24
45 25 41 24
45 44 28 24
29 45 28 24
45 29 25 24
46 41 45 25
42 41 46 25
46 26 42 25
46 45 29 25
30 46 29 25
46 30 26 25
47 42 46 26
43 42 47 26
47 27 43 26
47 46 30 26
31 47 30 26
47 31 27 26
53 48 52 32
49 48 53 32
53 33 49 32
53 52 36 32
37 53 36 32
53 37 33 32
54 49 53 33
50 49 54 33
54 34 50 33
54 53 37 33
38 54 37 33
54 38 34 33
55 50 54 34
51 50 55 34
55 35 51 34
55 54 38 34
39 55 38 34
55 39 35 34
57 52 56 36
53 52 57 36
57 37 53 36
57 56 40 36
41 57 40 36
57 41 37 36
58 53 57 37
54 53 58 37
58 38 54 37
58 57 41 37
42 58 41 37
58 42 38 37
59 54 58 38
55 54 59 38
59 39 55 38
59 58 42 38
43 59 42 38
59 43 39 38
61 56 60 40
57 56 61 40
61 41 57 40
61 60 44 40
45 61 44 40
61 45 41 40
62 57 61 41
58 57 62 41
62 42 58 41
62 61 45 41
46 62 45 41
62 46 42 41
63 58 62 42
59 58 63 42
63 43 59 42
63 62 46 42
47 63 46 42
63 47 43 42
56
0
1
2
3
4
5
6
7
8
9
10
11
12
13
14
15
16
17
18
19
20
23
24
27
28
29
30
31
32
33
34
35
36
39
40
43
44
45
46
47
48
49
50
51
52
53
54
55
56
57
58
59
60
61
62
63
